0.015068054199219
0.015126943588257
0.015675067901611
0.01480507850647
0.01499605178833
0.014448165893555
0.014400959014893
0.015308856964111
0.015609979629517
0.015255928039551
0.014086961746216
0.015590906143188
0.014264822006226
0.014518976211548
0.014463901519775
0.014263153076172
0.015600919723511
0.014274835586548
0.015060901641846
0.015143156051636
0.27616596221924
0.015221118927002
0.015500068664551
0.014489889144897
0.015340089797974
0.014924049377441
0.01430606842041
0.015033006668091
0.015088796615601
0.015227079391479
0.015805006027222
0.016573905944824
0.014389991760254
0.015012979507446
0.019336938858032
0.015677928924561
0.016125917434692
0.54293203353882
0.015214920043945
0.015411853790283
0.014981985092163
0.015038013458252
0.54215502738953
0.27230215072632
0.015643835067749
0.015914916992188
0.016340017318726
0.014794826507568
0.015671968460083
0.016101121902466
0.015103101730347
0.015001058578491
0.015455961227417
0.014706134796143
0.014961004257202
0.015542030334473
0.016090869903564
0.016788005828857
0.015229940414429
0.015285968780518
0.27402186393738
0.015249013900757
0.015053987503052
0.014559030532837
0.014992952346802
0.015626907348633
0.014984130859375
0.016191959381104
0.014940023422241
0.27518510818481
0.015511035919189
0.014918088912964
0.016485929489136
0.014986991882324
0.015021800994873
0.015244960784912
0.015461921691895
0.28937697410583
0.014450788497925
0.28531098365784
0.027295827865601
0.015854835510254
0.015558958053589
0.015430212020874
0.014545917510986
0.016199827194214
0.014413118362427
0.015206098556519
0.015015125274658
0.027133941650391
0.48003888130188
0.015481948852539
0.014693975448608
0.014468193054199
0.014463901519775
0.037051916122437
0.016031980514526
0.015296936035156
0.0158531665802
0.028125047683716
0.015135049819946
0.028361082077026
0.027956008911133
0.015030145645142
0.015201807022095
0.015496015548706
0.016201019287109
0.015164136886597
0.016941070556641
0.014781951904297
0.015465021133423
0.051954984664917
0.035090923309326
0.029079914093018
0.016826868057251
0.01476788520813
0.015623092651367
0.014699935913086
0.015302181243896
0.01560115814209
0.015094041824341
0.014994859695435
0.028275012969971
0.029085159301758
0.050448894500732
0.016901969909668
0.034848928451538
0.015880107879639
0.014387130737305
0.015616893768311
0.015003204345703
0.01531195640564
0.015239953994751
0.014142990112305
0.027916193008423
0.030307054519653
0.015833139419556
0.028438091278076
0.015008926391602
0.015372037887573
0.017056941986084
0.027987957000732
0.014978885650635
0.015290021896362
0.014985799789429
0.014730930328369
0.030761957168579
0.030395984649658
0.016059875488281
0.015000104904175
0.015139102935791
0.015331983566284
0.014169216156006
0.0155348777771
0.014478921890259
0.015239000320435
0.027922868728638
0.028825044631958
0.050465106964111
0.034918069839478
0.015188932418823
0.015017032623291
0.015507936477661
0.01474404335022
0.028006076812744
0.015520811080933
0.015857934951782
0.015867948532104
0.014597177505493
0.028620004653931
0.028569936752319
0.028003931045532
0.015044212341309
0.015902996063232
0.015597105026245
0.014960765838623
0.014700889587402
0.028036117553711
0.016257047653198
0.014835834503174
0.01435399055481
0.028281927108765
0.029415130615234
0.028202056884766
0.015562772750854
0.014672994613647
0.014748096466064
0.014189004898071
0.028321981430054
0.014157056808472
0.015810966491699
0.014608860015869
0.015203952789307
0.028885841369629
0.030313014984131
0.028972148895264
0.02987003326416
0.015170812606812
0.014522075653076
0.014219999313354
0.016066074371338
0.0154869556427
0.015172004699707
0.01500415802002
0.014209985733032
0.029078960418701
0.028587818145752
0.028460025787354
0.016415119171143
0.028707981109619
0.015031099319458
0.015270948410034
0.015558958053589
0.028640031814575
0.015421152114868
0.01542592048645
0.014579772949219
0.014516115188599
0.028426885604858
0.028357982635498
0.029426097869873
0.029034852981567
0.016254901885986
0.014922142028809
0.014762878417969
0.015351057052612
0.014204025268555
0.016465902328491
0.016323089599609
0.015038967132568
0.029184103012085
0.029903888702393
0.029269218444824
0.029639005661011
0.015196084976196
0.015233993530273
0.015727043151855
0.015558958053589
0.014642000198364
0.028440952301025
0.014999866485596
0.01451301574707
0.01568603515625
0.048732042312622
0.038209915161133
0.027913093566895
0.015293121337891
0.01439905166626
0.014123916625977
0.014088869094849
0.014931201934814
0.015335083007812
0.027829170227051
0.015419006347656
0.014278173446655
0.028079986572266
0.029217004776001
0.028614044189453
0.015101909637451
0.015229940414429
0.014146089553833
0.028748989105225
0.014231204986572
0.035672187805176
0.015307903289795
0.015634059906006
0.015360116958618
0.014969110488892
0.029784917831421
0.029439210891724
0.029088020324707
0.015240907669067
0.014698028564453
0.015360832214355
0.028144836425781
0.014348983764648
0.014279842376709
0.015321969985962
0.014688014984131
0.014397859573364
0.029453992843628
0.028730869293213
0.027972936630249
0.015516996383667
0.015405178070068
0.01480507850647
0.028258085250854
0.014989137649536
0.014461040496826
0.016536951065063
0.015314102172852
0.015387058258057
0.028378963470459
0.028109073638916
0.028084993362427
0.028966188430786
0.016130924224854
0.015550851821899
0.015133142471313
0.015392065048218
0.015428066253662
0.016164064407349
0.01516580581665
0.014178037643433
0.032325029373169
0.029359102249146
0.029519081115723
0.028484106063843
0.015471220016479
0.015551090240479
0.014251947402954
0.015052080154419
0.014864921569824
0.014472007751465
0.014430999755859
0.014277219772339
0.049008846282959
0.035557985305786
0.029417037963867
0.030233144760132
0.01445484161377
0.014405965805054
0.015198945999146
0.015074968338013
0.015383005142212
0.047799110412598
0.014906167984009
0.015261888504028
0.016504049301147
0.035905122756958
0.02910590171814
0.015315055847168
0.01437783241272
0.015596151351929
0.014314889907837
0.015011072158813
0.015002012252808
0.014456033706665
0.014161109924316
0.029514074325562
0.03160285949707
0.051059007644653
0.035201787948608
0.029131889343262
0.015506982803345
0.014349937438965
0.015451908111572
0.014302968978882
0.014929056167603
0.015033960342407
0.016561031341553
0.014826059341431
0.028702974319458
0.028791904449463
0.01522421836853
0.014205932617188
0.014945030212402
0.014971971511841
0.016623020172119
0.014458894729614
0.015419960021973
0.014440059661865
0.02885103225708
0.02919602394104
0.028674125671387
0.02837085723877
0.047508001327515
0.016069889068604
0.01470685005188
0.015135049819946
0.016215801239014
0.015285968780518
0.014337778091431
0.016268968582153
0.015922069549561
0.035820007324219
0.028563976287842
0.017323017120361
0.014309167861938
0.015010833740234
0.01505708694458
0.01421594619751
0.016178846359253
0.015206098556519
0.016645908355713
0.030472040176392
0.029248952865601
0.049450874328613
0.015104055404663
0.034499168395996
0.01459002494812
0.015285968780518
0.014387845993042
0.015740871429443
0.015664100646973
0.015024900436401
0.016364097595215
0.028873920440674
0.029149055480957
0.015053987503052
0.015290021896362
0.028632879257202
0.014313936233521
0.015412092208862
0.014196157455444
0.015216112136841
0.015569925308228
0.014918804168701
0.028607845306396
0.030472040176392
0.030208110809326
0.015529870986938
0.014250993728638
0.019978046417236
0.016057968139648
0.014450073242188
0.016141891479492
0.015247106552124
0.01546311378479
0.029681205749512
0.029921054840088
0.029069900512695
0.028933048248291
0.0154869556427
0.015033960342407
0.015444993972778
0.015520095825195
0.015045881271362
0.014426946640015
0.015454053878784
0.014297008514404
0.02917218208313
0.031803131103516
0.016772031784058
0.014523983001709
0.029103994369507
0.014356136322021
0.014663934707642
0.014071941375732
0.016077041625977
0.015703916549683
0.029293060302734
0.015459060668945
0.048221111297607
0.035035133361816
0.015794992446899
0.015509128570557
0.015321969985962
0.029758930206299
0.014503002166748
0.015963077545166
0.015394926071167
0.014593124389648
0.015439987182617
0.030917882919312
0.031292915344238
0.028519868850708
0.015512943267822
0.015105962753296
0.015071868896484
0.014374017715454
0.015192031860352
0.015253067016602
0.016365051269531
0.028499126434326
0.015848875045776
0.030212879180908
0.029576063156128
0.029939889907837
0.015076160430908
0.014208793640137
0.014375925064087
0.015652179718018
0.014976024627686
0.015691041946411
0.014554023742676
0.014946937561035
0.02911114692688
0.028075933456421
0.028473854064941
0.027722835540771
0.049517869949341
0.015613794326782
0.014123916625977
0.015321016311646
0.01505708694458
0.015088081359863
0.01446795463562
0.015291929244995
0.014429807662964
0.037225008010864
0.028503179550171
0.015748977661133
0.029092073440552
0.014636039733887
0.015841960906982
0.015111923217773
0.029626846313477
0.015347003936768
0.014669895172119
0.015527963638306
0.01484203338623
0.04954195022583
0.034612894058228
0.028696060180664
0.015341997146606
0.016661167144775
0.015393018722534
0.015276908874512
0.014328956604004
0.015277147293091
0.015060901641846
0.016278982162476
0.02852201461792
0.028670072555542
0.048920154571533
0.034950971603394
0.015281200408936
0.015029191970825
0.014402151107788
0.016203165054321
0.028486013412476
0.029392957687378
0.051027059555054
0.035160064697266
0.028354167938232
0.028589010238647
0.014917135238647
0.049460887908936
0.014394998550415
0.016998052597046
0.015286922454834
0.036675930023193
0.02924108505249
0.028880834579468
0.048763036727905
0.015446901321411
0.014339923858643
0.014825820922852
0.01410698890686
0.01515007019043
0.014355182647705
0.03416109085083
0.016869068145752
0.015092134475708
0.030964136123657
0.029255867004395
0.028634071350098
0.015290975570679
0.014359951019287
0.014274835586548
0.014825820922852
0.028048992156982
0.015469074249268
0.015586137771606
0.015419006347656
0.014240980148315
0.029435873031616
0.050858974456787
0.03633713722229
0.028777122497559
0.015293121337891
0.014977931976318
0.015315055847168
0.01420783996582
0.015223979949951
0.014472961425781
0.015819072723389
0.014237880706787
0.048904895782471
0.035783052444458
0.029706954956055
0.028678178787231
0.015198945999146
0.014146089553833
0.0155029296875
0.014791011810303
0.014120817184448
0.015782833099365
0.014362096786499
0.015401840209961
0.028852939605713
0.028507947921753
0.051229953765869
0.036250829696655
0.016057968139648
0.015522956848145
0.014182090759277
0.014693021774292
0.014123201370239
0.015542984008789
0.014358997344971
0.015170812606812
0.049016952514648
0.035167932510376
0.027994871139526
0.015521049499512
0.028549909591675
0.014323949813843
0.014817953109741
0.014158010482788
0.016145944595337
0.014348030090332
0.015461921691895
0.014599084854126
0.02865195274353
0.049669981002808
0.035523176193237
0.029307126998901
0.01531195640564
0.014322996139526
0.015783071517944
0.014106035232544
0.014902114868164
0.049731969833374
0.015588998794556
0.014791965484619
0.015199899673462
0.036059856414795
0.029232025146484
0.029021024703979
0.048705816268921
0.015333890914917
0.014127969741821
0.016080856323242
0.016256093978882
0.015513181686401
0.016233921051025
0.014497995376587
0.015422105789185
0.03459095954895
0.029942989349365
0.029299020767212
0.028510093688965
0.015480041503906
0.015129089355469
0.015506982803345
0.014277935028076
0.014255046844482
0.015851020812988
0.014511823654175
0.015339851379395
0.029167175292969
0.027892112731934
0.02905797958374
0.028179883956909
0.050688982009888
0.015449047088623
0.014516115188599
0.015410184860229
0.015534162521362
0.014274120330811
0.015951871871948
0.015148878097534
0.014853000640869
0.035217046737671
0.028537034988403
0.029392957687378
0.049293994903564
0.015378952026367
0.014718055725098
0.015483856201172
0.016191959381104
0.015619039535522
0.014775991439819
0.015305995941162
0.014130115509033
0.035246133804321
0.028777122497559
0.029123067855835
0.029156923294067
0.015316009521484
0.014142036437988
0.016135931015015
0.014808893203735
0.014775991439819
0.016484022140503
0.015143871307373
0.014185905456543
0.028766870498657
0.028887033462524
0.049891948699951
0.035465955734253
0.015565872192383
0.01426887512207
0.014652967453003
0.014240980148315
0.015635967254639
0.015039920806885
0.015580177307129
0.028295993804932
0.015739917755127
0.030735015869141
0.050885915756226
0.035516977310181
0.029140949249268
0.014997959136963
0.015345811843872
0.01538610458374
0.015064001083374
0.014774084091187
0.015086889266968
0.01543402671814
0.014914035797119
0.032473087310791
0.028734922409058
0.029001951217651
0.049499034881592
0.035284996032715
0.016302824020386
0.014246940612793
0.016509771347046
0.016072988510132
0.01418399810791
0.014899015426636
0.015148162841797
0.014150142669678
0.028775930404663
0.029291868209839
0.049015045166016
0.035542011260986
0.01560115814209
0.014239072799683
0.015273809432983
0.030232906341553
0.014247894287109
0.014923810958862
0.015602827072144
0.016102075576782
0.015507936477661
0.04905104637146
0.036590099334717
0.029438972473145
0.015086889266968
0.015183925628662
0.015298843383789
0.049066066741943
0.015706062316895
0.034993171691895
0.015244007110596
0.015297889709473
0.015641927719116
0.014811038970947
0.028438806533813
0.028002023696899
0.015775918960571
0.015511035919189
0.02954888343811
0.015905857086182
0.02894401550293
0.014445066452026
0.01521897315979
0.016209125518799
0.014971971511841
0.015414953231812
0.04917311668396
0.036950826644897
0.028502941131592
0.015491962432861
0.015500068664551
0.01422905921936
0.015240907669067
0.030249118804932
0.015166997909546
0.01497220993042
0.016916990280151
0.014682054519653
0.028903007507324
0.048777103424072
0.03624701499939
0.029014110565186
0.014800071716309
0.014526128768921
0.016264200210571
0.014307022094727
0.015337944030762
0.028457164764404
0.015454053878784
0.016778945922852
0.015218019485474
0.029090166091919
0.028643131256104
0.015688180923462
0.028832912445068
0.014969110488892
0.014832973480225
0.052461862564087
0.014863014221191
0.01559591293335
0.014968872070312
0.015434980392456
0.015324115753174
0.035961866378784
0.028219938278198
0.04931116104126
0.015606880187988
0.014241933822632
0.015161037445068
0.015225887298584
0.01584792137146
0.016088962554932
0.014569044113159
0.016098976135254
0.035363912582397
0.02910304069519
0.029183864593506
0.028409004211426
0.049896001815796
0.015625
0.014374971389771
0.015864849090576
0.014926910400391
0.015201091766357
0.014453172683716
0.015599966049194
0.016335964202881
0.035482883453369
0.029081106185913
0.018270015716553
0.015412092208862
0.028475046157837
0.030253887176514
0.014930963516235
0.014922142028809
0.015413045883179
0.015957832336426
0.014788866043091
0.015158176422119
0.028693914413452
0.027965068817139
0.015074968338013
0.014487028121948
0.015825033187866
0.014175176620483
0.014169931411743
0.015516042709351
0.015174150466919
0.01499080657959
0.029360055923462
0.030137062072754
0.049641847610474
0.034895896911621
0.028348922729492
0.014991998672485
0.016497135162354
0.015096187591553
0.014665842056274
0.014867067337036
0.015634059906006
0.014529943466187
0.014949083328247
0.028428077697754
0.029560804367065
0.049539804458618
0.015110015869141
0.014250993728638
0.014878034591675
0.014129161834717
0.014729976654053
0.01445198059082
0.015419006347656
0.016284942626953
0.035303831100464
0.030102014541626
0.029362916946411
0.029322862625122
0.050909996032715
0.015069007873535
0.014160871505737
0.014883995056152
0.014793872833252
0.015980005264282
0.015733003616333
0.015272855758667
0.014997005462646
0.028587102890015
0.035218000411987
0.051719903945923
0.034821033477783
0.015044927597046
0.014984846115112
0.014724016189575
0.014177083969116
0.015140056610107
0.014469146728516
0.015217065811157
0.015643119812012
0.028864860534668
0.028694152832031
0.015519142150879
0.015383958816528
0.028497934341431
0.015166044235229
0.028708934783936
0.015367984771729
0.015172958374023
0.015235185623169
0.015820026397705
0.017519950866699
0.030936002731323
0.028198003768921
0.02881383895874
0.028592109680176
0.015585899353027
0.015205860137939
0.014265060424805
0.015392065048218
0.015244960784912
0.015284061431885
0.014424085617065
0.015661954879761
0.028160095214844
0.029086112976074
0.028891086578369
0.028128862380981
0.015117168426514
0.015902042388916
0.014458179473877
0.014702081680298
0.01416277885437
0.015805959701538
0.015484094619751
0.015948057174683
0.027980804443359
0.029239892959595
0.015076875686646
0.015401124954224
0.028140068054199
0.014921903610229
0.027666091918945
0.014185190200806
0.015002012252808
0.015442848205566
0.014750957489014
0.014827966690063
0.028239011764526
0.028444051742554
0.016412973403931
0.015578031539917
0.015114068984985
0.015279054641724
0.016644954681396
0.029125928878784
0.030580043792725
0.015723943710327
0.014397144317627
0.014742851257324
0.028379917144775
0.028657913208008
0.015551090240479
0.014518976211548
0.016892910003662
0.015059947967529
0.014700889587402
0.014586925506592
0.016313076019287
0.028311967849731
0.031823873519897
0.014774799346924
0.02932596206665
0.027790069580078
0.015700101852417
0.01531195640564
0.015094041824341
0.014857053756714
0.02869701385498
0.029251098632812
0.015315055847168
0.014415979385376
0.017152070999146
0.016685962677002
0.03147292137146
0.02884578704834
0.016134023666382
0.014279842376709
0.014986038208008
0.01518702507019
0.014212846755981
0.015350103378296
0.014341831207275
0.014877080917358
0.030686140060425
0.028734922409058
0.03038477897644
0.029209852218628
0.016273975372314
0.016331911087036
0.015328884124756
0.014830827713013
0.014290809631348
0.016550064086914
0.01457405090332
0.014360904693604
0.028085947036743
0.028143167495728
0.028658866882324
0.028436899185181
0.015130996704102
0.014945030212402
0.015177965164185
0.015207052230835
0.015532970428467
0.014583110809326
0.014487981796265
0.015558004379272
0.028608083724976
0.031273126602173
0.015562057495117
0.015417814254761
0.033169984817505
0.016932010650635
0.029412984848022
0.01656699180603
0.015416860580444
0.014412879943848
0.015413045883179
0.01623797416687
0.032197952270508
0.028471946716309
0.015575885772705
0.015448808670044
0.014301061630249
0.015446901321411
0.015357971191406
0.014994144439697
0.015582084655762
0.028918981552124
0.014346837997437
0.028170824050903
0.02849817276001
0.028734922409058
0.015485048294067
0.015255928039551
0.01550817489624
0.01469898223877
0.015183925628662
0.016409873962402
0.015763998031616
0.014224052429199
0.028542995452881
0.028752088546753
0.029500961303711
0.027125120162964
0.014963150024414
0.015467882156372
0.015288114547729
0.014195919036865
0.015583992004395
0.014534950256348
0.015895843505859
0.01530909538269
0.029088020324707
0.030339002609253
0.029026031494141
0.027472972869873
0.015847206115723
0.014591932296753
0.014697074890137
0.014127016067505
0.01496410369873
0.01573920249939
0.016520977020264
0.014543056488037
0.029945850372314
0.029482126235962
0.028421878814697
0.030416965484619
0.015763998031616
0.016247987747192
0.01484489440918
0.016026020050049
0.014596939086914
0.014580011367798
0.015199184417725
0.014173984527588
0.028511047363281
0.029259920120239
0.029634952545166
0.01512885093689
0.029098987579346
0.015262126922607
0.015228033065796
0.015249967575073
0.014239072799683
0.015335083007812
0.014525890350342
0.016404151916504
0.028114795684814
0.028995990753174
0.029849052429199
0.015594005584717
0.01521897315979
0.016167163848877
0.028187036514282
0.015068054199219
0.01452898979187
0.015514135360718
0.015429973602295
0.015629053115845
0.030036926269531
0.028058052062988
0.016535997390747
0.014816999435425
0.014311075210571
0.029560804367065
0.015482187271118
0.015120983123779
0.029530048370361
0.014732837677002
0.015521049499512
0.015475034713745
0.028091907501221
0.029733896255493
0.014918804168701
0.014647960662842
0.014257907867432
0.014968872070312
0.01421594619751
0.015400171279907
0.028940916061401
0.016106843948364
0.015288829803467
0.029855012893677
0.028529167175293
0.032160043716431
0.01671290397644
0.015780925750732
0.015571117401123
0.014266014099121
0.015171051025391
0.014694929122925
0.015883922576904
0.014356136322021
0.028909921646118
0.028677940368652
0.028189897537231
0.015682935714722
0.029521942138672
0.014421939849854
0.014947175979614
0.015220880508423
0.014217138290405
0.015569925308228
0.014393091201782
0.015264987945557
0.02862286567688
0.028182983398438
0.01622486114502
0.015030145645142
0.015290975570679
0.027558088302612
0.015542984008789
0.028388977050781
0.014981985092163
0.015443086624146
0.015292882919312
0.014117002487183
0.027975082397461
0.029607057571411
0.014941930770874
0.014143943786621
0.027446031570435
0.016573905944824
0.01556921005249
0.01511812210083
0.015266180038452
0.015140056610107
0.014374017715454
0.028080940246582
0.028754949569702
0.028773069381714
0.015652894973755
0.015964031219482
0.015038013458252
0.014479875564575
0.015625953674316
0.015281200408936
0.014425039291382
0.014297962188721
0.028693914413452
0.029573917388916
0.028467893600464
0.028708219528198
0.015155076980591
0.014470100402832
0.01448392868042
0.015333890914917
0.014585018157959
0.015408039093018
0.015051126480103
0.015258073806763
0.028267860412598
0.029327869415283
0.028562068939209
0.014348030090332
0.015054941177368
0.014162063598633
0.030523777008057
0.01805305480957
0.015237808227539
0.015227079391479
0.015419006347656
0.014178991317749
0.028707027435303
0.029232025146484
0.02871298789978
0.016227960586548
0.014910936355591
0.027911186218262
0.015815019607544
0.015321016311646
0.01525092124939
0.014427900314331
0.015122890472412
0.014544010162354
0.91171407699585
0.53531289100647
0.015753030776978
0.015566825866699
0.014619112014771
0.015060901641846
0.014243841171265
0.014970064163208
0.014407873153687
0.016070127487183
0.015968084335327
0.014890909194946
0.015020847320557
0.01422381401062
0.014333009719849
0.014459848403931
0.014997005462646
0.014565944671631
0.014997005462646
0.015767097473145
0.014627933502197
0.015846967697144
0.015722036361694
0.016292095184326
0.015642166137695
0.015326976776123
0.015369892120361
0.014498949050903
0.014230966567993
0.014555931091309
0.014268159866333
0.01449179649353
0.016314029693604
0.014410018920898
0.015360116958618
0.015448093414307
0.028656005859375
0.026639938354492
0.016336917877197
0.014178037643433
0.014204978942871
0.015429973602295
0.014477968215942
0.014155149459839
0.015089988708496
0.015100955963135
0.015264987945557
0.015178918838501
0.014235019683838
0.014693021774292
0.015026092529297
0.014971017837524
0.015074014663696
0.016524791717529
0.015286207199097
0.01432204246521
0.014174938201904
0.01445484161377
0.014426946640015
0.014178037643433
0.017261981964111
0.016116857528687
0.01499605178833
0.015604019165039
0.014472961425781
0.016189813613892
0.017444133758545
0.015465974807739
0.015650033950806
0.014816999435425
0.014173984527588
0.01482892036438
0.0159010887146
0.015122890472412
0.015527009963989
0.015614032745361
0.028275966644287
0.027936935424805
0.015407085418701
0.014378070831299
0.014904975891113
0.01520299911499
0.01471996307373
0.0153648853302
0.014486789703369
0.015533208847046
0.01620888710022
0.015554904937744
0.015617847442627
0.015327930450439
0.015398979187012
0.015207052230835
0.014933109283447
0.014272928237915
0.015023946762085
0.014230966567993
0.015567064285278
0.014104127883911
0.014122009277344
0.014353036880493
0.014369964599609
0.014084100723267
0.015383005142212
0.018882989883423
0.015017032623291
0.014200210571289
0.014186143875122
0.014508962631226
0.015732049942017
0.014226913452148
0.028164148330688
0.026077032089233
0.015512943267822
0.014226913452148
0.014183044433594
0.016050100326538
0.01546311378479
0.014565229415894
0.016268968582153
0.014221906661987
0.015403032302856
0.014151811599731
0.015053033828735
0.014973878860474
0.014087200164795
0.014425992965698
0.015861988067627
0.015856027603149
0.016083002090454
0.014853000640869
0.014333009719849
0.015798091888428
0.014689922332764
0.014423847198486
0.0156569480896
0.014165878295898
0.015782117843628
0.014956951141357
0.014493942260742
0.014405012130737
0.015177965164185
0.015794038772583
0.014398813247681
0.014070987701416
0.028931140899658
0.027621984481812
0.015428781509399
0.015200138092041
0.014995098114014
0.014161825180054
0.014841079711914
0.014744997024536
0.014610052108765
0.01652193069458
0.015691041946411
0.014609098434448
0.015680074691772
0.015837907791138
0.015311002731323
0.014620065689087
0.014909029006958
0.014513969421387
0.016047954559326
0.01515793800354
0.014271974563599
0.015477180480957
0.015445947647095
0.015956878662109
0.015491008758545
0.015306949615479
0.016561031341553
0.014936923980713
0.014225959777832
0.015498876571655
0.014328002929688
0.015285968780518
0.015931844711304
0.014733076095581
0.02892017364502
0.027673006057739
0.014940023422241
0.0156409740448
0.014929056167603
0.01503586769104
0.01412296295166
0.015669107437134
0.015633821487427
0.014348983764648
0.015426158905029
0.015008926391602
0.014089107513428
0.014606952667236
0.014830827713013
0.014441013336182
0.015399932861328
0.014204025268555
0.015340805053711
0.01421594619751
0.016489028930664
0.014876127243042
0.014262914657593
0.014468908309937
0.014489889144897
0.014209032058716
0.015492916107178
0.01547908782959
0.015079975128174
0.014440059661865
0.015492916107178
0.014535188674927
0.015314102172852
0.015107870101929
0.02856707572937
0.027418851852417
0.015253067016602
0.014704942703247
0.014416933059692
0.014458894729614
0.014817953109741
0.015615940093994
0.014531135559082
0.016124963760376
0.015396118164062
0.014371156692505
0.014242887496948
0.015375852584839
0.01623010635376
0.015274047851562
0.015795946121216
0.01646900177002
0.015434980392456
0.014908075332642
0.015078067779541
0.014254093170166
0.014670133590698
0.014357089996338
0.015285968780518
0.015400886535645
0.015376091003418
0.017269849777222
0.014384031295776
0.015039920806885
0.014832019805908
0.016089916229248
0.015625
0.017437934875488
0.017619132995605
0.015017032623291
0.014369964599609
0.027685165405273
0.028711080551147
0.014971971511841
0.015510082244873
0.015638113021851
0.015426874160767
0.016852855682373
0.015258073806763
0.016802072525024
0.014429807662964
0.015216112136841
0.015398025512695
0.014919996261597
0.016556978225708
0.015343189239502
0.015527009963989
0.01444411277771
0.0155029296875
0.014438152313232
0.01512598991394
0.014568090438843
0.014581918716431
0.014173030853271
0.015383958816528
0.014101028442383
0.014314889907837
0.015103101730347
0.014209985733032
0.01441216468811
0.015553951263428
0.01507306098938
0.014949798583984
0.014081001281738
0.014533042907715
0.014214038848877
0.015300035476685
0.014604091644287
0.014530897140503
0.014830112457275
0.027310848236084
0.027143001556396
0.015395164489746
0.014435768127441
0.014256954193115
0.014230012893677
0.014216899871826
0.015825033187866
0.014504909515381
0.015043020248413
0.015254020690918
0.01435112953186
0.014257907867432
0.014811992645264
0.015451908111572
0.016293048858643
0.014575958251953
0.015132904052734
0.015322923660278
0.014182806015015
0.015182971954346
0.014088869094849
0.014289855957031
0.014382839202881
0.016542196273804
0.014177083969116
0.015377044677734
0.015147924423218
0.014799118041992
0.015380144119263
0.014194011688232
0.015068054199219
0.014376878738403
0.014188051223755
0.027654886245728
0.028154850006104
0.015350103378296
0.014081001281738
0.01410698890686
0.014981985092163
0.014135122299194
0.015976190567017
0.014398097991943
0.01414680480957
0.015101909637451
0.015064001083374
0.014857053756714
0.015998125076294
0.0142982006073
0.016749858856201
0.01454496383667
0.014607906341553
0.015130996704102
0.01441502571106
0.016247987747192
0.014337062835693
0.015165090560913
0.014842987060547
0.014439105987549
0.014158010482788
0.015959978103638
0.014961957931519
0.014225006103516
0.015106201171875
0.015421867370605
0.015005826950073
0.015148162841797
0.015031099319458
0.015077114105225
0.014155149459839
0.014647960662842
0.028818845748901
0.015861034393311
0.027944803237915
0.014525175094604
0.015527963638306
0.015053033828735
0.014806032180786
0.015991926193237
0.016053915023804
0.01528000831604
0.015788078308105
0.014525890350342
0.017045974731445
0.015985012054443
0.015084028244019
0.016326904296875
0.015920162200928
0.014885902404785
0.014904022216797
0.014214038848877
0.014481782913208
0.014462947845459
0.01453685760498
0.015383958816528
0.014400959014893
0.015043020248413
0.015510082244873
0.014582872390747
0.014755010604858
0.014588832855225
0.014302015304565
0.015429973602295
0.014904975891113
0.015296936035156
0.014489889144897
0.01442289352417
0.01567816734314
0.014539003372192
0.01434588432312
0.027229785919189
0.025959968566895
0.015053033828735
0.015033006668091
0.020210027694702
0.015335083007812
0.015239953994751
0.015755176544189
0.015153169631958
0.015247821807861
0.015465974807739
0.014178037643433
0.014750957489014
0.014358997344971
0.014842987060547
0.014523029327393
0.01451301574707
0.014201879501343
0.01590895652771
0.015430927276611
0.01518988609314
0.014113903045654
0.01411509513855
0.014374971389771
0.015240907669067
0.014111995697021
0.017366886138916
0.016490936279297
0.016507863998413
0.014945983886719
0.014605045318604
0.01600193977356
0.014655113220215
0.014305114746094
0.027143955230713
0.027732133865356
0.015239953994751
0.015310049057007
0.014200210571289
0.015242099761963
0.015335083007812
0.014693975448608
0.014863967895508
0.014791011810303
0.015691041946411
0.015748977661133
0.016062021255493
0.014876127243042
0.014164209365845
0.014484167098999
0.014496803283691
0.014111995697021
0.016349077224731
0.014373779296875
0.014873027801514
0.014935970306396
0.015422105789185
0.015854835510254
0.016387939453125
0.014898061752319
0.017154932022095
0.015478134155273
0.014869928359985
0.015542984008789
0.015161991119385
0.014509916305542
0.015148878097534
0.016004085540771
0.027849912643433
0.027742862701416
0.015182971954346
0.015081882476807
0.015026092529297
0.014147996902466
0.01492714881897
0.014618158340454
0.01447606086731
0.014249086380005
0.016494035720825
0.014678001403809
0.015216112136841
0.014364004135132
0.015299081802368
0.014453887939453
0.015048027038574
0.016471862792969
0.016140937805176
0.01660680770874
0.01451587677002
0.014340162277222
0.01612114906311
0.014485836029053
0.01452898979187
0.015920877456665
0.015398979187012
0.014118909835815
0.015544891357422
0.014188051223755
0.015329837799072
0.014384984970093
0.015450000762939
0.014687061309814
0.027086019515991
0.014986991882324
0.027075052261353
0.014277935028076
0.016319990158081
0.015890121459961
0.016438961029053
0.015184164047241
0.016167879104614
0.015048980712891
0.016098022460938
0.015038013458252
0.015546083450317
0.015344858169556
0.015097141265869
0.01507306098938
0.01470685005188
0.017169952392578
0.016676187515259
0.017384052276611
0.016227960586548
0.015717029571533
0.015138864517212
0.015054941177368
0.014892101287842
0.014675855636597
0.015975952148438
0.015022993087769
0.014164209365845
0.014200925827026
0.014204978942871
0.014445066452026
0.014589071273804
0.015956163406372
0.015604019165039
0.015046834945679
0.014951944351196
0.014969110488892
0.015303134918213
0.014372110366821
0.015053033828735
0.026760816574097
0.029139041900635
0.014952898025513
0.015805006027222
0.01495099067688
0.015097141265869
0.015508890151978
0.01469898223877
0.017091989517212
0.015614032745361
0.01468300819397
0.015142917633057
0.015004873275757
0.014304161071777
0.014858961105347
0.014770030975342
0.014440059661865
0.014461040496826
0.014897108078003
0.015369892120361
0.027483940124512
0.016152143478394
0.014330148696899
0.027323961257935
0.014234066009521
0.014638900756836
0.014837980270386
0.014754056930542
0.014894962310791
0.015257120132446
0.014772891998291
0.015516996383667
0.014327049255371
0.016423940658569
0.015100002288818
0.014433145523071
0.014208078384399
0.015177965164185
0.015102863311768
0.014183044433594
0.015369892120361
0.014204025268555
0.014856100082397
0.014427900314331
0.014214992523193
0.015332937240601
0.01412296295166
0.015015125274658
0.014628887176514
0.014340877532959
0.015246868133545
0.014449834823608
0.014057159423828
0.014916896820068
0.014133930206299
0.014114856719971
0.014151811599731
0.014955043792725
0.014371871948242
0.015220165252686
0.01512598991394
0.027556896209717
0.027992010116577
0.015103816986084
0.014437913894653
0.015182971954346
0.015236139297485
0.014217138290405
0.014818906784058
0.014950037002563
0.014178991317749
0.015081882476807
0.014266967773438
0.014858961105347
0.014256000518799
0.014878034591675
0.014827013015747
0.015424013137817
0.014331102371216
0.015261173248291
0.014235973358154
0.014194011688232
0.015569925308228
0.014826059341431
0.015413999557495
0.01447606086731
0.014644145965576
0.015711069107056
0.014212131500244
0.015375137329102
0.014309883117676
0.014225006103516
0.014448165893555
0.015077829360962
0.015182971954346
0.028441190719604
0.027477025985718
0.015503883361816
0.014081001281738
0.014893054962158
0.015920877456665
0.014280080795288
0.014375925064087
0.014319896697998
0.014580011367798
0.015380859375
0.014959096908569
0.015141010284424
0.014279127120972
0.014336824417114
0.014523983001709
0.016309976577759
0.01649808883667
0.016264915466309
0.015044927597046
0.015406131744385
0.015074014663696
0.014964818954468
0.015172958374023
0.016956806182861
0.016491174697876
0.017369985580444
0.015527009963989
0.014256000518799
0.01625394821167
0.015122890472412
0.015395879745483
0.014479875564575
0.014220952987671
0.01505184173584
0.014243125915527
0.014225959777832
0.015314817428589
0.014202833175659
0.014456033706665
0.015475988388062
0.01422119140625
0.027826070785522
0.028036832809448
0.014937877655029
0.014480113983154
0.014571905136108
0.015044927597046
0.014416933059692
0.014540195465088
0.01449990272522
0.014197111129761
0.015132904052734
0.014335870742798
0.015148162841797
0.015665054321289
0.014913082122803
0.015157222747803
0.015619993209839
0.015117883682251
0.015779972076416
0.015013933181763
0.015314102172852
0.015154123306274
0.014312982559204
0.016515016555786
0.015826225280762
0.014945983886719
0.01672101020813
0.015868902206421
0.014976978302002
0.015259981155396
0.014800071716309
0.014456987380981
0.014447927474976
0.014323949813843
0.015233993530273
0.01629114151001
0.015098094940186
0.015791893005371
0.014945030212402
0.014482021331787
0.014525890350342
0.015860080718994
0.026880979537964
0.02618408203125
0.015600919723511
0.014273166656494
0.015451908111572
0.014293909072876
0.014278888702393
0.015228986740112
0.014849185943604
0.01417088508606
0.015017986297607
0.015297889709473
0.014564037322998
0.015110015869141
0.014245986938477
0.015374183654785
0.0171799659729
0.014867067337036
0.01529598236084
0.015759944915771
0.01481819152832
0.015807867050171
0.016790866851807
0.0154709815979
0.016794919967651
0.016186952590942
0.015329122543335
0.014986038208008
0.014985084533691
0.01424503326416
0.01538610458374
0.01447582244873
0.014533996582031
0.014250993728638
0.027360916137695
0.026479959487915
0.015241146087646
0.015678882598877
0.015024900436401
0.014165878295898
0.014981985092163
0.014482021331787
0.014424085617065
0.015322923660278
0.016282081604004
0.015961885452271
0.016307830810547
0.014725923538208
0.014123916625977
0.01441502571106
0.014490842819214
0.014963150024414
0.015316963195801
0.01539421081543
0.016204118728638
0.014822959899902
0.014081954956055
0.014638185501099
0.014540910720825
0.014434814453125
0.015881061553955
0.014151096343994
0.01411509513855
0.014211893081665
0.014636039733887
0.014559030532837
0.015521049499512
0.014241933822632
0.027647972106934
0.027568101882935
0.015268087387085
0.015339136123657
0.014796018600464
0.014378070831299
0.014216899871826
0.014441967010498
0.01564884185791
0.015196084976196
0.015685796737671
0.015067100524902
0.014902830123901
0.015001058578491
0.014261960983276
0.015189170837402
0.014430046081543
0.01491117477417
0.016656875610352
0.016524076461792
0.016719818115234
0.015769004821777
0.01556396484375
0.016278028488159
0.014482021331787
0.015223979949951
0.015351057052612
0.01412296295166
0.014716148376465
0.015543937683105
0.014658212661743
0.017598152160645
0.015496969223022
0.01577615737915
0.027712106704712
0.027275085449219
0.015586853027344
0.0154709815979
0.014291048049927
0.014928102493286
0.014755010604858
0.014576196670532
0.014424800872803
0.014292001724243
0.015115976333618
0.014755964279175
0.014174938201904
0.014173984527588
0.014178991317749
0.014432907104492
0.014410018920898
0.015120029449463
0.015156984329224
0.014940023422241
0.015136957168579
0.014286041259766
0.016696929931641
0.016194105148315
0.015510082244873
0.015336036682129
0.01655387878418
0.014250040054321
0.014718055725098
0.014204978942871
0.014213800430298
0.014420032501221
0.01451587677002
0.015209913253784
0.029425859451294
0.029676198959351
0.015071868896484
0.014211177825928
0.014159917831421
0.016648054122925
0.015371084213257
0.016704082489014
0.015625
0.015330076217651
0.015355110168457
0.015106916427612
0.01498007774353
0.015269041061401
0.015227079391479
0.014384984970093
0.01494312286377
0.016052007675171
0.014925956726074
0.014107942581177
0.015449047088623
0.015297889709473
0.014449119567871
0.014441013336182
0.01457405090332
0.014770984649658
0.028122186660767
0.027431011199951
0.015516996383667
0.014618873596191
0.014720916748047
0.014312982559204
0.014433860778809
0.015305042266846
0.015755891799927
0.016804933547974
0.016389846801758
0.01484203338623
0.014281988143921
0.014971017837524
0.016162872314453
0.014593124389648
0.015154838562012
0.014202833175659
0.015043973922729
0.015094041824341
0.014575004577637
0.014919996261597
0.015571117401123
0.015281915664673
0.014402151107788
0.015678882598877
0.015072107315063
0.015537977218628
0.01478099822998
0.014092922210693
0.014343976974487
0.014408111572266
0.014493942260742
0.014616966247559
0.027176141738892
0.026519775390625
0.014955043792725
0.015029907226562
0.014359951019287
0.015342950820923
0.014194011688232
0.016056060791016
0.014441013336182
0.014298915863037
0.015376806259155
0.016596078872681
0.01425313949585
0.015490055084229
0.014831066131592
0.01452898979187
0.016601085662842
0.015068054199219
0.014992952346802
0.014265060424805
0.014493942260742
0.015331983566284
0.016295909881592
0.015222072601318
0.015241146087646
0.014456033706665
0.015321969985962
0.014380931854248
0.014887809753418
0.014227867126465
0.014250040054321
0.015400886535645
0.01442289352417
0.014576196670532
0.029566049575806
0.026638031005859
0.014407873153687
0.014633893966675
0.014764070510864
0.014209985733032
0.014925003051758
0.014731168746948
0.015788793563843
0.014773845672607
0.014947175979614
0.014671087265015
0.015158891677856
0.014145135879517
0.014143943786621
0.014389991760254
0.015028953552246
0.014286041259766
0.01623797416687
0.014740943908691
0.014227867126465
0.01478910446167
0.014182090759277
